Units km, km/s, kg
<Label> <x> <y> <z> <vx> <vy> <vz> <mass> <primary>
# Sun -5.682653841092885E+05 1.112997165528592E+06 3.445256675517594E+03 -1.446153643855376E-02 -3.447507130430867E-03 3.988611997595555E-04 1988500E+24 0
# Mercury -1.004302793346122E+07 -6.782848247285485E+07 -4.760889633162629E+06 3.847265155592926E+01 -4.158689546981208E+00 -3.869763647804497E+00 3.302E23 0
# Venus 1.076209595805564E+08 8.974122818036491E+06 -6.131976661929069E+06 -2.693485084259549E+00 3.476650462014290E+01 6.320912271467272E-01 48.685E23 0
# Earth -2.545323708273825E+07 1.460913442868109E+08 -2.726527903765440E+03 -2.986338200235307E+01 -5.165822246700293E+00 1.135526860257752E-03 5.97219E+24 0
# Moon -2.506305144417207E+07 1.459930035240048E+08 -3.717618948633224E+04 -2.961465427844801E+01 -4.230085049928977E+00 -3.390576606358819E-02 7.349E+22 3
# Mars -1.980535522170065E+08 -1.313944334060654E+08 2.072245594990239E+06 1.439273929359666E+01 -1.805004074289640E+01 -7.312485979614864E-01 6.4171E+23 0
# Jupiter 7.814222942464572E+07 -7.769488912300525E+08 1.474101024875402E+06 1.283931034634284E+01 1.930357299260295E+00 -2.952603544308099E-01 1898.13E24 0
# Saturn 5.674914809473343E+08 -1.388366463018738E+09 1.549265783457875E+06 8.406493531200137E+00 3.627774839464033E+00 -3.983651341797212E-01 5.6834E26 0
# Uranus 2.426731532276310E+09 1.703392504032894E+09 -2.511215084173620E+07 -3.962351584219718E+00 5.256523421272158E+00 7.095167477538000E-02 86.813E24 0
# Neptune 4.374094242396346E+09 -9.514051175733174E+08 -8.121304173510808E+07 1.118822466575051E+00 5.342645118481434E+00 -1.362603166382499E-01 102.413E24 0
