units AU, kg
# Sun -3.798619468647882E-03 7.439926519813712E-03 2.303011840607431E-05 -8.352236181200173E-06 -1.991101976755789E-06 2.303616187715271E-07 1988500e24

# Mercury -6.713349519259718E-02 -4.534054004610566E-01 -3.182458153238026E-02 2.221981555538470E-02 -2.401844191885121E-03 -2.234975522083475E-03 3.302e23

# Venus 7.194016804983604E-01 5.998830582310215E-02 -4.098973222838171E-02 -1.555617805193969E-03 2.007933659165609E-02 3.650632309800465E-04 48.685e23

# Earth -1.701443808233178E-01 9.765603186945023E-01 -1.822571331401604E-05 -1.724754632489101E-02 -2.983511998041463E-03 6.558216388187520E-07 5.97219e24

# Moon -1.675361509284642E-01 9.759029512978545E-01 -2.485074774953481E-04 -1.710389404398059E-02 -2.443078545193917E-03 -1.958221847802022E-05 7.349e22

# Mars -1.323906224669323E+00 -8.783175374839439E-01 1.385210621844926E-02 8.312502505202782E-03 -1.042477083991175E-02 -4.223314046399220E-04 6.4171e23

# Jupiter 5.223485405173333E-01 -5.193582552977157E+00 9.853756727804834E-03 7.415322215037524E-03 1.114874629402660E-03 -1.705271238384143E-04 1898.13e24

# Saturn 3.793446245537659E+00 -9.280656579650271E+00 1.035620210222127E-02 4.855156277224052E-03 2.095215291154225E-03 -2.300751168943580E-04 5.6834e26

# Uranus 1.622169834985700E+01 1.138647559662688E+01 -1.678643601291325E-01 -2.288449529894169E-03 3.035896309705393E-03 4.097802109019479E-05 86.813e24

# Neptune 2.923901404431117E+01 -6.359750396990894E+00 -5.428756529427533E-01 6.461740441876787E-04 3.085635751878358E-03 -7.869691796050940E-05 102.413e24

# Pluto 1.297291157616514E+01 -3.136273187454788E+01 -3.965374359206294E-01 2.968249824832238E-03 5.356788760061291E-04 -9.036709403060780E-04 1.307e22