00000000 Sun -568265384.1092885 1112997165.5285919 3445256.675517594 
00000000 Earth -25453237082.73825 146091344286.8109 -2726527.90376544 
00000000 Moon -25063051444.17207 145993003524.0048 -37176189.48633224 
00000000 Mars -198053552217.0065 -131394433406.0654 2072245594.990239 
00000000 Mercury -10043027933.46122 -67828482472.85485 -4760889633.162629 
00000000 Saturn 567491480947.3342 -1388366463018.738 1549265783.457875 
00000000 Venus 107620959580.5564 8974122818.036491 -6131976661.9290695 
00000000 Jupiter 78142229424.64572 -776948891230.0525 1474101024.875402 
00000100 Sun -568266830.2626811 1112996820.7768478 3445296.5616303138 
00000100 Earth -25456223415.604916 146090827674.3229 -2726414.362619116 
00000100 Moon -25066012916.28165 145992580488.1687 -37179579.01211632 
00000100 Mars -198052112933.33478 -131396238403.60445 2072172470.028389 
00000100 Mercury -10039180649.778929 -67828898207.00627 -4761276600.211471 
00000100 Saturn 567492321596.5753 -1388366100240.9807 1549225946.9441538 
00000100 Venus 107620690176.06929 8977599464.429977 -6131913449.631789 
00000100 Jupiter 78143513355.57133 -776948698193.2433 1474071498.8379183 
00360100 Sun -573469714.6376514 1111742408.6457498 3588791.113917371 
00360100 Earth -36128205095.37769 143841077230.20993 -2476145.4823155534 
00360100 Moon -35805722016.9056 144072706614.8613 -35046657.17243606 
00360100 Mars -192745150905.66788 -137807879026.48315 1807652316.5675066 
00360100 Mercury 3933712126.7474594 -67560392248.90527 -6021371638.76903 
00360100 Saturn 570517203148.5511 -1387056557028.4858 1405810686.6513205 
00360100 Venus 105927658008.42825 21412799252.144333 -5863724170.323951 
00360100 Jupiter 82764223276.52599 -776239774197.4586 1367751942.885995 
00720100 Sun -578666029.566716 1110461629.7938452 3732090.220871833 
00720100 Earth -46605094932.11271 140822497091.76447 -2498593.1403005007 
00720100 Moon -46600624882.16703 141200322632.17584 -7881266.581505715 
00720100 Mars -187190318744.7074 -144040359903.091 1540805734.5281146 
00720100 Mercury 17666405889.89224 -63715721185.841286 -6967204750.566851 
00720100 Saturn 573539163534.8871 -1385739933002.6785 1262388293.7022488 
00720100 Venus 102805111848.61949 33575423071.11876 -5516781313.093322 
00720100 Jupiter 87381938484.04303 -775502875969.3267 1261383284.7686274 
01080100 Sun -583855745.3875461 1109154835.598623 3875189.005482428 
01080100 Earth -56833426110.14635 137053339651.59488 -2536697.433609647 
01080100 Moon -57144581821.06722 137244347178.97371 23352823.856917303 
01080100 Mars -181392609655.43954 -150083949866.1026 1271959174.9633946 
01080100 Mercury 30379984771.542072 -56287621463.64746 -7526728572.423922 
01080100 Saturn 576558186950.9312 -1384416233872.948 1118959498.695105 
01080100 Venus 98292009237.82478 45301289702.33387 -5095585835.360645 
01080100 Jupiter 91996489824.31517 -774738005705.5391 1154969318.4886212 
01440100 Sun -589038857.9439857 1107822372.2447872 4018085.1980168168 
01440100 Earth -66761730300.53972 132552452603.34465 -2236256.0964377895 
01440100 Moon -67088031432.34751 132376262010.03313 29782219.71364477 
01440100 Mars -175357398803.39908 -155928964521.24792 1001447480.7047501 
01440100 Mercury 41200800261.90088 -45385458676.29483 -7628735823.93532 
01440100 Saturn 579574257601.6216 -1383085465380.5928 975525032.4541265 
01440100 Venus 92446067032.45062 56431354596.61274 -4605650757.249028 
01440100 Jupiter 96607707961.2461 -773945166610.8895 1048513846.299325 
01800100 Sun -594215381.5409417 1106464587.8013384 4160779.5362389474 
01800100 Earth -76336777549.38293 127340531918.01155 -1539233.0588426006 
01800100 Moon -76371404096.82458 126957093290.81989 6584956.099407711 
01800100 Mars -169090451985.45056 -161565779748.5906 729613816.0738678 
01800100 Mercury 49133064865.80227 -31307047631.94632 -7206213924.435882 
01800100 Saturn 582587359701.5862 -1381747633298.8022 832085626.0276898 
01800100 Venus 85343161953.20523 66813862505.47759 -4053437031.4505944 
01800100 Jupiter 101215423382.10243 -773124362901.728 942020678.5920762 
02160100 Sun -599385345.9446503 1105081848.0299435 4303277.250136339 
02160100 Earth -85504092188.6718 121444397003.62233 -722007.0062279315 
02160100 Moon -85209884742.01088 121176362764.34673 -23898697.48226253 
02160100 Mars -162597934089.91492 -166984846242.00995 456809569.67280376 
02160100 Mercury 53059223938.316505 -14661678173.449167 -6206432085.482815 
02160100 Saturn 585597477475.1537 -1380402743432.7249 688642010.686371 
02160100 Venus 77076481895.24629 76306443698.34349 -3446275804.2135525 
02160100 Jupiter 105819466403.21304 -772275599809.3533 835493633.7822096 
02520100 Sun -604548806.0695256 1103674562.6010234 4445591.555759847 
02520100 Earth -94211730695.84901 114898024680.20001 -92005.16886226452 
02520100 Moon -93811701732.41557 114952220445.91896 -36817908.996053986 
02520100 Mars -155886417267.95624 -172176705125.86917 183394227.51869473 
02520100 Mercury 51820065927.998886 3445950631.5814395 -4613320289.129108 
02520100 Saturn 588604595156.4683 -1379050801619.4822 545194917.92099 
02520100 Venus 67755429772.850136 84778123832.26318 -2792277580.2841945 
02520100 Jupiter 110419667175.71855 -771398883583.4219 728936538.1936842 
02880100 Sun -609705880.7042613 1102243215.3255668 4587750.129891188 
02880100 Earth -102412715089.36272 107740580209.07695 230967.82309539727 
02880100 Moon -102204017263.81633 108073528362.9656 -22582959.22948527 
02880100 Mars -148962888730.95724 -177132004684.40863 -90264786.31221102 
02880100 Mercury 44472905989.565735 21209808955.876057 -2487980487.708181 
02880100 Saturn 591608696989.5355 -1377691813728.1753 401745079.44060373 
02880100 Venus 57504285520.57471 92111216474.31395 -2100229041.0210853 
02880100 Jupiter 115015855691.36919 -770494221495.305 622353225.9425776 
03240100 Sun -614856837.0647739 1100788368.0293918 4729803.617187338 
03240100 Earth -110065560027.1414 100014281600.22787 360544.60156043264 
03240100 Moon -110211903741.0606 100353555749.07782 9412942.054118956 
03240100 Mars -141834758081.24838 -181841518235.1227 -363792304.45441693 
03240100 Mercury 30828754976.714962 36077970775.85489 -21605356.425706726 
03240100 Saturn 594609767228.2815 -1376325785659.919 258293227.17053407 
03240100 Venus 46460636161.35938 98203066776.79156 -1379478519.032511 
03240100 Jupiter 119607861788.37401 -769561621841.4276 515747538.8196628 
03600100 Sun -620002199.2531167 1099310576.7581525 4871829.142821538 
03600100 Earth -117134098953.29207 91762121677.53773 626403.2360449228 
03600100 Moon -117492339042.22968 91793549109.48398 32210101.75186602 
03600100 Mars -134509864075.98376 -186296163172.0715 -636805649.4330604 
03600100 Mercury 12136223718.530508 45239035253.10223 2441531582.8386097 
03600100 Saturn 597607790136.6477 -1374952723347.8757 114840093.25041668 
03600100 Venus 34773588504.7059 102967615013.59044 -639811401.289651 
03600100 Jupiter 124195515157.29608 -768601093946.5863 409123326.1725561 
03960100 Sun -625142770.9043766 1097810196.4819653 5013916.812113519 
03960100 Earth -123584445945.37204 83025917858.28351 1297212.7078882356 
03960100 Moon -123798875881.7376 82718249603.947 23797292.077222545 
03960100 Mars -126996480716.25047 -190487021198.8109 -908914908.3124564 
03960100 Mercury -8748892024.153915 46783436585.95108 4483415145.276288 
03960100 Saturn 600602749988.6102 -1373572632757.265 -28613589.96766573 
03960100 Venus 22601783958.217003 106336749649.95178 108682989.14880286 
03960100 Jupiter 128778645346.99123 -767612648167.267 302484444.78760767 
04320100 Sun -630279468.2519579 1096287209.2583628 5156140.699079568 
04320100 Earth -129381878564.57298 73849668854.01184 2242276.6893303427 
04320100 Moon -129250476718.57297 73478908197.0373 -5391651.477932089 
04320100 Mars -119303322545.85957 -194405359763.31622 -1179723251.9249551 
04320100 Mercury -28333652570.33959 40727287823.99776 5784937985.61741 
04320100 Saturn 603594631068.2908 -1372185519885.4062 -172067089.92098045 
04320100 Venus 10111239819.807384 108261421322.98164 855751238.3674735 
04320100 Jupiter 133357081770.58788 -766596295894.9088 195834758.77130723 
04680100 Sun -635413075.7666099 1094741255.411819 5298539.278688925 
04680100 Earth -134493678806.20813 64282998884.11607 3134090.209157735 
04680100 Moon -134113877481.29225 64148169420.83218 -28935375.327502895 
04680100 Mars -111439549036.89539 -198042654699.1152 -1448827301.8158133 
04680100 Mercury -43922664242.8929 28817769642.849533 6241608818.057171 
04680100 Saturn 606583417669.993 -1370791390761.7573 -315519673.83792716 
04680100 Venus -2526953935.396008 108712492014.88647 1591120408.9022563 
04680100 Jupiter 137930653711.50568 -765552049559.1426 89178139.43040076 
05040100 Sun -640544135.6266063 1093171813.5231252 5441120.247641644 
05040100 Earth -138892473543.073 54380080118.55063 3748357.960806943 
05040100 Moon -138543075371.12338 54581702235.37267 -28805235.28040252 
05040100 Mars -103414767932.21365 -201390614067.4375 -1715817548.0044787 
05040100 Mercury -54245700160.48404 13446757183.218134 5932354547.702969 
05040100 Saturn 609569094098.2736 -1369390251447.9133 -458970608.7398754 
05040100 Venus -15139048716.714533 107681297686.764 2304645078.1623015 
05040100 Jupiter 142499190329.52213 -764479922630.9757 -17481534.849933047 
05400100 Sun -645672988.437135 1091578346.5399303 5583876.397667683 
05400100 Earth -142557365773.71805 44197308788.65784 4077922.048623553 
05400100 Moon -142495987012.8632 44580638198.54686 -4624668.832801893 
05400100 Mars -95239037408.57307 -204441203184.2447 -1980278820.570357 
05400100 Mercury -59173931317.50668 -3226945211.0331736 5021762768.6766 
05400100 Saturn 612551644668.0028 -1367982108037.664 -602419161.4430809 
05400100 Venus -27551124539.01106 105179907146.26189 2986454423.4406056 
05400100 Jupiter 147062520666.8874 -763379929625.9473 -124140378.7298613 
05760100 Sun -650799854.2408694 1089960353.0277483 5726797.3746249685 
05760100 Earth -145473894008.42444 33791229311.452446 4336574.571391565 
05760100 Moon -145743968673.93103 34033565700.508244 26023125.01382448 
05760100 Mars -86922866917.96463 -207186670803.54825 -2241790817.946436 
05760100 Mercury -59193572764.91901 -19579394771.17961 3687136204.1716785 
05760100 Saturn 615531053704.4366 -1366566966656.9922 -745864598.5606408 
05760100 Venus -39591609608.91084 101241065340.92487 3627096840.897729 
05760100 Jupiter 151620473654.49667 -762252086107.2565 -230794500.0402784 
06120100 Sun -655924888.5833747 1088317362.9261806 5869874.552209283 
06120100 Earth -147632914481.25635 23216120559.145275 4867830.973776091 
06120100 Moon -147966597964.22318 23085916268.21712 35011825.067101404 
06120100 Mars -78477216559.38477 -209619576414.67175 -2499928694.6450725 
06120100 Mercury -55030419404.94878 -34484354552.939224 2087085686.0514293 
06120100 Saturn 618507305543.2527 -1365144833464.1313 -889306186.5044668 
06120100 Venus -51093789225.76191 95917815486.7893 4217679540.7188945 
06120100 Jupiter 156172878118.1087 -761096408688.8344 -337439999.9094403 
06480100 Sun -661048207.8288733 1086648918.5480812 6013101.814326501 
06480100 Earth -149026486583.95978 12523567030.578173 5775376.103662529 
06480100 Moon -149087794642.21213 12148237816.292429 13703740.921917234 
06480100 Mars -69913494829.04482 -211732818596.1194 -2754263710.9261346 
06480100 Mercury -47460861522.95021 -47182590458.94543 354873947.9529007 
06480100 Saturn 621480384530.6504 -1363715714649.5664 -1032743191.4872704 
06480100 Venus -61898259749.46551 89282801121.5277 4750000580.592422 
06480100 Jupiter 160719562784.61713 -759912915038.3962 -444072972.8906604 
06840100 Sun -666169895.4801067 1084954558.1470995 6156474.738179149 
06840100 Earth -149646678112.2325 1767293491.5349605 6778851.509101704 
06840100 Moon -149372475150.06192 1477112255.735298 -15329867.368302 
06840100 Mars -61243554594.13286 -213519664352.36288 -3004363946.632357 
06840100 Mercury -37239248136.1904 -57162117205.95112 -1398462091.959903 
06840100 Saturn 624450275023.3722 -1362279616436.0771 -1176174879.5245373 
06840100 Venus -71855283398.83281 81427256096.44577 5216670894.674281 
06840100 Jupiter 165260356288.37363 -758701623880.4865 -550689507.090997 
07200100 Sun -671289999.3377477 1083233805.9090908 6299989.395005237 
07200100 Earth -149489734197.7897 -8995333033.661768 7576301.284827028 
07200100 Moon -149085249430.28876 -8972584801.700268 -27759891.485777907 
07200100 Mars -52479687133.89317 -214973779342.0896 -3249795081.062955 
07200100 Mercury -25082977234.3979 -64072861766.83605 -3078505862.9156814 
07200100 Saturn 627416961388.7964 -1360836545078.7554 -1319600516.436488 
07200100 Venus -80827000917.60565 72459697453.05603 5611224043.748482 
07200100 Jupiter 169795087177.55475 -757462554999.451 -657285684.3009279 
07560100 Sun -676408524.8729914 1081486167.8047614 6443641.2170510385 
07560100 Earth -148558166493.84784 -19705599426.493183 8052666.252725871 
07560100 Moon -148316236062.46545 -19386066217.78497 -14442524.589167848 
07560100 Mars -43634614092.11449 -216089258887.26727 -3490121240.352983 
07560100 Mercury -11683508157.885588 -67672716165.367165 -4602042668.799097 
07560100 Saturn 630380428004.9768 -1359386506865.051 -1463019367.850077 
07560100 Venus -88689461673.4918 62504342804.72154 5928211649.812235 
07560100 Jupiter 174323583920.57742 -756195729242.4144 -763857580.125016 
07920100 Sun -681525427.286748 1079711132.0530598 6587424.0577817 
07920100 Earth -146860937651.531 -30305621169.695255 8316155.185875092 
07920100 Moon -146959854322.6044 -29936013557.169876 15624613.212815048 
07920100 Mars -34721477187.21674 -216860659632.0698 -3724905913.400036 
07920100 Mercury 2271075992.1989822 -67797897710.26695 -5892567947.670886 
07920100 Saturn 633340659260.711 -1357929508114.7878 -1606430699.2009366 
07920100 Venus -95334434470.93887 51699280000.78152 6163282777.232897 
07920100 Jupiter 178845674912.56906 -754901168522.1766 -870401264.1137091 
08280100 Sun -686640603.2693115 1077908173.354808 6731329.47297637 
08280100 Earth -144412835920.93805 -40740380758.52092 8657654.195814962 
08280100 Moon -144757708141.8641 -40640060469.24951 38603611.75747284 
08280100 Mars -25753825530.28846 -217283031699.79025 -3953712936.9110937 
08280100 Mercury 16067609701.943905 -64353066147.81798 -6876869071.784789 
08280100 Saturn 636297639555.6091 -1356465555180.1885 -1749833775.7354329 
08280100 Venus -100670967133.5871 40194422249.28239 6313245872.287537 
08280100 Jupiter 183361188481.874 -753578895820.1195 -976912799.8962742 
08640100 Sun -691753882.8738086 1076076760.7300768 6875346.252047071 
08640100 Earth -141232154402.68008 -50959678256.530396 9356391.243572647 
08640100 Moon -141477699738.2163 -51224370543.7066 31611029.794607364 
08640100 Mars -16745600408.25718 -217351951174.84048 -4176107549.5547514 
08640100 Mercury 28935630941.954987 -57320766646.13234 -7482841846.6733675 
08640100 Saturn 639251353300.1375 -1354994654445.915 -1893227862.5126457 
08640100 Venus -104626668566.8023 28149286310.778355 6376112260.0924 
08640100 Jupiter 187869952896.61655 -752228935189.0354 -1083388245.3151925 
09000100 Sun -696865021.9071767 1074216369.5920594 7019460.294533702 
09000100 Earth -137336593978.65015 -60916356696.82683 10317153.526800595 
09000100 Moon -137236141259.6812 -61288788688.44884 2198603.7491558986 
09000100 Mars -7711117399.463301 -217063552715.64276 -4391657514.445589 
09000100 Mercury 40013590457.046486 -46794636947.30468 -7639104260.008837 
09000100 Saturn 642201784915.6838 -1353516812329.0686 -2036612224.40642 
09000100 Venus -107148693321.65584 15730634694.323286 6351120607.688549 
09000100 Jupiter 192371796371.3075 -750851311755.9424 -1189823652.5620387 
09360100 Sun -701973695.9593621 1072326499.6404299 7163655.070361907 
09360100 Earth -132744618018.25713 -70561435025.01604 11187715.3753237 
09360100 Moon -132375551111.71379 -70722048686.74342 -21188301.633732576 
09360100 Mars 1334954297.7427492 -216414562082.34872 -4599934308.3136215 
09360100 Mercury 48320054977.063225 -33046568212.311905 -7277842854.763529 
09360100 Saturn 645148918834.6266 -1352032035279.265 -2179986126.1074963 
09360100 Venus -108204415398.5184 3110024890.0518064 6238742178.56622 
09360100 Jupiter 196866547073.49875 -749446051724.854 -1296215068.3151786 
09720100 Sun -707079499.2807343 1070406701.0295507 7307913.1662227195 
09720100 Earth -127479575998.11002 -79844752678.52301 11744763.631227914 
09720100 Moon -127116276121.86249 -79667817480.239 -20570604.614526544 
09720100 Mars 10377615426.375422 -215402328341.33893 -4800514374.813873 
09720100 Mercury 52749167493.91676 -16643255917.97441 -6343920191.076019 
09720100 Saturn 648092739500.3755 -1350540329778.6167 -2323348832.1256275 
09720100 Venus -107781784888.49123 -9538690474.77166 6040667111.559345 
09720100 Jupiter 201354033130.50266 -748013182379.48 -1402558533.879294 
10080100 Sun -712181956.397661 1068456610.6352462 7452219.799030378 
10080100 Earth -121570493998.0241 -88717538041.41774 11990428.645714622 
10080100 Moon -121478030592.94994 -88333121854.10889 3719094.620878313 
10080100 Mars 19401563205.76071 -214024855486.99426 -4992980438.527549 
10080100 Mercury 52137928775.57891 1376232298.541582 -4815556742.1231785 
10080100 Saturn 651033231367.4447 -1349041702341.7942 -2466699606.791812 
10080100 Venus -105889367795.95148 -22041869040.97753 5759772341.322495 
10080100 Jupiter 205834082636.1448 -746552732085.9275 -1508850085.3267665 
10440100 Sun -717280561.9346416 1066475993.3778692 7596569.311449999 
10440100 Earth -115051698024.81413 -97134338738.68527 12139778.69766848 
10440100 Moon -115295456413.96317 -96847300538.76492 34052421.06496899 
10440100 Mars 28391220900.95429 -212280833201.2522 -5176922875.265432 
10440100 Mercury 45498579557.47813 19291602908.10785 -2742714666.408809 
10440100 Saturn 653970378901.5 -1347536159516.0403 -2610037714.2605233 
10440100 Venus -102556075776.93509 -34228547680.395607 5400072125.919709 
10440100 Jupiter 210306523657.59338 -745064730295.3225 -1615085753.6407053 
10800100 Sun -722374866.4844214 1064464761.6334786 7740974.090282106 
10800100 Earth -107961427113.84302 -105054961657.984 12513067.48766617 
10800100 Moon -108315020399.51251 -105118815803.0204 44263937.978188075 
10800100 Mars 37330770461.32819 -210169666453.3503 -5351941133.281547 
10800100 Mercury 32523726397.52626 34623015966.391335 -299834991.93089736 
10800100 Saturn 656904166579.4279 -1346023707881.18 -2753362418.512018 
10800100 Venus -97830598359.93724 -45932835531.43009 4966652449.350027 
10800100 Jupiter 214771184242.2347 -743549207546.4468 -1721261564.859348 
11160100 Sun -727464593.9098076 1062422913.3923092 7885469.725818086 
11160100 Earth -100338493341.85402 -112445129225.58421 13248390.698026218 
11160100 Moon -100449999358.25754 -112795089768.23657 23002482.392294377 
11160100 Mars 46204188233.297325 -207691503626.47757 -5517645198.951887 
11160100 Mercury 14276480240.160753 44540132804.79138 2184278373.135961 
11160100 Saturn 659834578889.3934 -1344504354049.6892 -2896672983.354601 
11160100 Venus -91780555324.20583 -56996194976.707245 4465590815.988501 
11160100 Jupiter 219227892424.6095 -742006195468.2882 -1827373540.221317 
11520100 Sun -732549689.6067069 1060350354.2649361 8030104.351465821 
11520100 Earth -92219659097.35179 -119272732080.14572 14080107.932123318 
11520100 Moon -91976710068.90198 -119578926632.47308 -8264569.983895294 
11520100 Mars 54995283719.08043 -204847262845.0534 -5673657099.394564 
11520100 Mercury -6539076737.718635 46968232377.33594 4292033596.197977 
11520100 Saturn 662761600330.8896 -1342978104666.6853 -3039968672.426908 
11520100 Venus -84491391180.09358 -67269578426.73865 3903863145.8052874 
11520100 Jupiter 223676476233.4031 -740435726782.6221 -1933417696.3112462 
11880100 Sun -737630183.6728704 1058246719.2174824 8174910.993491557 
11880100 Earth -83643053552.95337 -125504473520.92477 14668034.064648818 
11880100 Moon -83239562223.97182 -125511786438.67413 -22003032.55964928 
11880100 Mars 63687741317.315155 -201638656166.76956 -5819612433.439508 
11880100 Mercury -26425606380.632454 41693128465.65104 5685103319.943887 
11880100 Saturn 665685215414.8019 -1341444966409.9927 -3183248749.1999893 
11880100 Venus -76065037061.35104 -76615393202.88545 3289239612.469147 
11880100 Jupiter 228116763698.4801 -738837835306.5356 -2039390045.2060063 
12240100 Sun -742705953.8306584 1056111384.5340488 8319886.2871382665 
12240100 Earth -74651199475.54332 -131108033251.0068 14893557.119032301 
12240100 Moon -74387423792.68475 -130807270879.28847 -8676544.569732778 
12240100 Mars 72265164942.73227 -198068211298.08215 -5955161921.314924 
12240100 Mercury -42547026310.10858 30317358514.41527 6234272992.423689 
12240100 Saturn 668605408663.4943 -1339904945990.1497 -3326512476.9795604 
12240100 Venus -66618367784.01822 -84909271475.70218 2630171342.1858773 
12240100 Jupiter 232548582857.96927 -737212555954.9252 -2145286594.6219344 
12600100 Sun -747776605.9240727 1053943645.4816462 8464993.542423362 
12600100 Earth -65290909334.72034 -136054347957.43318 14871933.123853456 
12600100 Moon -65364179525.529625 -135673940424.31699 22250500.509991787 
12600100 Mars 80711125381.34431 -194139290491.47507 -6079972962.404466 
12600100 Mercury -53477620483.920105 15215082271.747915 6002759710.965388 
12600100 Saturn 671522164610.8177 -1338358050150.465 -3469759118.908133 
12600100 Venus -56281483378.536575 -92041626926.2379 1935669912.6482594 
12600100 Jupiter 236971761765.38467 -735559924742.9397 -2251103348.0638547 
12960100 Sun -752841514.6365952 1051742875.4053712 8610179.018938977 
12960100 Earth -55612505224.72794 -140319438749.30737 14900303.498607753 
12960100 Moon -55954108965.06758 -140173785459.38556 46535465.08263065 
12960100 Mars 89009210195.11517 -189856106287.72952 -6193731189.462708 
12960100 Mercury -58988462112.730064 -1404804131.3945482 5150062564.812607 
12960100 Saturn 674435467802.2019 -1336804285667.0317 -3612987937.967188 
12960100 Venus -45195845133.410484 -97918984403.74133 1215181564.6701703 
12960100 Jupiter 241386128496.80844 -733879978788.4022 -2356836304.9758105 
13320100 Sun -757899916.6422393 1049508588.1675212 8755385.145200077 
13320100 Earth -45667434654.41528 -143885927150.4612 15256034.930707553 
13320100 Moon -45957520020.71169 -144104830558.37943 41547437.87900719 
13320100 Mars 97143075946.51613 -185223733776.7153 -6296142006.807327 
13320100 Mercury -59519808088.22443 -17857234756.127213 3854263049.224526 
13320100 Saturn 677345302794.7039 -1335243659348.7634 -3756198196.9795637 
13320100 Venus -33512296220.530037 -102465073228.14777 478457975.49167454 
13320100 Jupiter 245791511158.11493 -732172756314.1836 -2462481460.8932986 
13680100 Sun -762950982.4636492 1047240438.0491964 8900556.71076134 
13680100 Earth -35504733333.24827 -146741697639.68707 15891560.77314958 
13680100 Moon -35460014536.17865 -147114520936.51025 11068099.64811469 
13680100 Mars 105096502469.6934 -180248119066.22635 -6386932099.273183 
13680100 Mercury -55783007189.48524 -32966749424.01678 2276668818.704349 
13680100 Saturn 680251654157.0591 -1333676178037.4348 -3899389158.6116877 
13680100 Venus -21388996451.051785 -105621678810.11333 -264574640.1033465 
13680100 Jupiter 250187737892.25195 -730438296650.5543 -2568034807.596247 
14040100 Sun -767993856.6688317 1044938200.1754429 9045642.601411028 
14040100 Earth -25170895631.26661 -148875422797.72058 16448598.558631046 
14040100 Moon -24824847785.979046 -149067036271.64886 -15860370.46305644 
14040100 Mars 112853448872.13252 -174936083670.6098 -6465850898.138509 
14040100 Mercury -48553919949.35443 -45939807717.451866 553297070.7582866 
14040100 Saturn 683154506469.7532 -1332101848607.7183 -4042560085.3757796 
14040100 Venus -8989299757.348633 -107349250813.27023 -1003946423.5186847 
14040100 Jupiter 254574636886.5584 -728676640237.5056 -2673492333.2627435 
14400100 Sun -773027677.4763077 1042601751.0856539 9190595.698451689 
14400100 Earth -14714019877.532284 -150275515905.53653 16662887.679088185 
14400100 Moon -14337947363.372023 -150131005693.63715 -17819324.34759824 
14400100 Mars 120398110909.62077 -169295324559.57846 -6532671989.828718 
14400100 Mercury -38590776374.05864 -56241795254.615685 -1202610304.8185205 
14400100 Saturn 686053844325.0566 -1330520677967.2085 -4185710239.6321225 
14400100 Venus 3520398328.333821 -107627269087.45198 -1729773182.4088273 
14400100 Jupiter 258952036380.12732 -726887828627.0148 -2778850022.623202 
14760100 Sun -778051585.9398236 1040231054.2900311 9335372.272227366 
14760100 Earth -4185383790.046285 -150932858254.76428 16526636.865835646 
14760100 Moon -4061808854.6569185 -150559431609.46265 5789313.704414324 
14760100 Mars 127714979339.00781 -163334409642.66022 -6587194452.990638 
14760100 Mercury -26614845301.54494 -63507813007.55925 -2895070187.6186624 
14760100 Saturn 688949652327.0955 -1328932673056.4773 -4328838883.591198 
14760100 Venus 15972817576.64712 -106454371089.9553 -2432382662.432493 
14760100 Jupiter 263319764671.20377 -725071904485.2975 -2884103857.115059 
15120100 Sun -783064730.367198 1037826150.557365 9479931.368696807 
15120100 Earth 6361105426.572476 -150842676893.91248 16255333.711375384 
15120100 Moon 6137818791.006298 -150537719926.6605 37439594.179972954 
15120100 Mars 134788898818.71643 -157062768505.9176 -6629244109.523168 
15120100 Mercury -13319503230.310781 -67485607801.0376 -4439862918.992266 
15120100 Saturn 691841915091.8917 -1327337840849.1003 -4471945279.315842 
15120100 Venus 28201930569.79014 -103848246592.32892 -3102436474.4194093 
15120100 Jupiter 267677650124.60928 -723228911595.0027 -2989249815.037933 
15480100 Sun -788066268.5420978 1035387151.7712609 9624234.330222 
15480100 Earth 16870228046.408678 -150006380220.85956 16182195.916902281 
15480100 Moon 16502776253.123308 -150034225264.87585 50058449.42192222 
15480100 Mars 141605126897.17383 -150490678264.58295 -6658674675.360491 
15480100 Mercury 608104975.1062559 -68003524817.49573 -5759926602.658472 
15480100 Saturn 694730617247.4281 -1325736188351.6904 -4615028688.72337 
15480100 Venus 40045058893.64907 -99845307204.22746 -3731046519.0998325 
15480100 Jupiter 272025521179.20303 -721358894857.3722 -3094283871.7095923 
15840100 Sun -793055368.7469954 1032914237.5534827 9768244.477058027 
15840100 Earth 27288843748.80545 -148431987556.48 16462958.230372103 
15840100 Moon 27124562775.210617 -148764110614.86765 31016286.198147062 
15840100 Mars 148149392605.13245 -143629244447.55338 -6675368797.239562 
15840100 Mercury 14459127281.702696 -64958533363.2692 -6781815845.487283 
15840100 Saturn 697615743433.6833 -1324127722603.9346 -4758088373.587729 
15840100 Venus 51344907813.4853 -94500139627.99422 -4309884877.57753 
15840100 Jupiter 276363206355.37103 -719461900294.2981 -3199201999.6228857 
16200100 Sun -798031209.931689 1030407654.5265684 9911926.97058985 
16200100 Earth 37568315205.6902 -146130761397.64725 16878261.06495838 
16200100 Moon 37764962691.98392 -146460888642.31415 -1817256.3041672045 
16200100 Mars 154407954149.8515 -136490376886.45612 -6679238962.352676 
16200100 Mercury 27471133901.424274 -58323400728.769455 -7433364602.68516 
16200100 Saturn 700497278302.6937 -1322512450678.6287 -4901123595.5416975 
16200100 Venus 61951520774.56797 -87884752605.5866 -4831286236.105406 
16200100 Jupiter 280690534262.5406 -717537975050.373 -3304000168.6040273 
16560100 Sun -802992981.3154132 1027867718.8844621 10055248.938830795 
16560100 Earth 47662223941.66913 -143113667826.99292 17072133.51524358 
16560100 Moon 48059076340.19015 -143161090289.40756 -19456404.834561896 
16560100 Mars 160367655197.5842 -129086760642.04099 -6670228268.724054 
16560100 Mercury 38794313738.60589 -48176867105.63934 -7643051336.36427 
16560100 Saturn 703375206518.5859 -1320890379681.7236 -5044133616.078896 
16560100 Venus 71724136410.57887 -80087628306.04938 -5288341997.42516 
16560100 Jupiter 285007333606.7338 -715587167394.8434 -3408674345.9724255 
16920100 Sun -807939882.3403949 1025294823.8775183 10198180.07932037 
16920100 Earth 57522877246.65011 -139392371921.90518 16892375.00618324 
16920100 Moon 57816374608.874306 -139119512581.11462 -9459987.155718336 
16920100 Mars 166015979226.18552 -121431822062.22644 -6648311045.420141 
16920100 Mercury 47461516261.967316 -34766337619.947365 -7342374045.027212 
16920100 Saturn 706249512757.6492 -1319261516752.3489 -5187117696.556228 
16920100 Venus 80532931865.82333 -71212589508.5851 -5674985308.402587 
16920100 Jupiter 289313433198.1621 -713609526723.4805 -3513220496.702698 
17280100 Sun -812871125.8015487 1022689454.7351786 10340694.20425889 
17280100 Earth 67100940739.11381 -134981771860.24933 16437435.720932709 
17280100 Moon 67067540116.79722 -134598509427.6386 20257501.854998633 
17280100 Mars 171341101432.70813 -113539690126.9266 -6613493313.349116 
17280100 Mercury 52379372201.28056 -18618119062.419888 -6474043721.421459 
17280100 Saturn 709120181708.3363 -1317625869062.8423 -5330075098.19588 
17280100 Venus 88260637171.89665 -61377494433.95164 -5986066302.097301 
17280100 Jupiter 293608661958.8375 -711605103560.3795 -3617634583.5887976 
17640100 Sun -817785951.3262632 1020052213.2373401 10482772.56556276 
17640100 Earth 76346198547.43747 -129901623127.01062 15999086.206433825 
17640100 Moon 76019472671.59909 -129730367452.67473 46082189.950735204 
17640100 Mars 176331937694.11615 -105425153293.37912 -6565813079.32369 
17640100 Mercury 52383907376.24834 -708320878.1373504 -5011050724.380294 
17640100 Saturn 711987198071.3455 -1315983443818.7878 -5473005082.087937 
17640100 Venus 94804006247.85255 -50712771610.21543 -6217416892.418134 
17640100 Jupiter 297892848930.26373 -709573949559.7194 -3721912567.4104843 
18000100 Sun -822683663.77575 1017383848.3647093 10624410.003757231 
18000100 Earth 85209704818.86282 -124178225185.05849 15877180.303646026 
18000100 Moon 84896977514.1182 -124373760599.92604 43754431.32006995 
18000100 Mars 180978190105.00336 -97103612112.84451 -6505340458.018212 
18000100 Mercury 46448615643.028275 17327273651.857834 -2992900998.449725 
18000100 Saturn 714850546559.6433 -1314334248259.0518 -5615906909.192628 
18000100 Venus 100075130773.66855 -39359807880.50219 -6365904485.170782 
18000100 Jupiter 302165823281.1508 -707516117507.3931 -3826050407.1018186 
18360100 Sun -827563715.1041366 1014685269.5702403 10765623.703446548 
18360100 Earth 93647632921.68684 -117842997900.2829 16049415.598261077 
18360100 Moon 93646189851.25552 -118222049512.88765 15206715.639941761 
18360100 Mars 185270388653.58838 -88591027947.04176 -6432177618.354164 
18360100 Mercury 34156825507.3277 33085823869.94033 -577721941.4003356 
18360100 Saturn 717710211898.5103 -1312678289655.7688 -5758779840.342904 
18360100 Venus 104002583653.1706 -27469203509.44227 -6429474017.6144495 
18360100 Jupiter 306427414315.2072 -705431661322.6234 -3930044059.921566 
18720100 Sun -832425821.6494931 1011957486.2311461 10906459.205815896 
18720100 Earth 101621404304.24118 -110928024392.81549 16191671.672077687 
18720100 Moon 101940050835.44974 -111157178757.42279 -13091358.732189523 
18720100 Mars 189199928641.8633 -79903868169.2074 -6346458552.819288 
18720100 Mercury 16390215235.860302 43732643217.064156 1921970602.9172974 
18720100 Saturn 720566178825.5747 -1311015575314.4382 -5901623136.246848 
18720100 Venus 106532379191.76607 -15198909284.426786 -6407177794.43555 
18720100 Jupiter 310677451478.97327 -703320636059.5116 -4033889481.6244397 
19080100 Sun -837270026.5330529 1009201429.490842 11046981.812283386 
19080100 Earth 109094132525.76521 -103464592078.50171 16025897.015120633 
19080100 Moon 109482932139.9235 -103359050588.67682 -18404849.487507775 
19080100 Mars 192759103504.51318 -71059048286.22809 -6248348670.273797 
19080100 Mercury -4310276174.663131 47042967573.08342 4091293618.041631 
19080100 Saturn 723418432090.8716 -1309346112573.8804 -6044436057.4901905 
19080100 Venus 107628737612.08339 -2712261659.750254 -6299192633.651291 
19080100 Jupiter 314915764369.7282 -701183097908.5226 -4137582626.632917 
19440100 Sun -842096582.3130562 1006417752.7004642 11187249.786527721 
19440100 Earth 116028521195.40439 -95485284428.11165 15521922.12607968 
19440100 Moon 116196715798.03304 -95125434663.18134 1867572.289789113 
19440100 Mars 195941132733.49722 -62073871461.66544 -6138044214.832874 
19440100 Mercury -24462829397.916622 42571144218.46239 5574435993.308686 
19440100 Saturn 726266956456.8746 -1307669908806.3032 -6187217864.538759 
19440100 Venus 107274642152.13228 9824066598.425837 -6106823885.835497 
19440100 Jupiter 319142182743.41986 -699019104197.952 -4241119448.209376 
19800100 Sun -846905710.7295644 1003606807.6000739 11327290.676184451 
19800100 Earth 122387225354.32123 -87025996166.00539 14871577.878569802 
19800100 Moon 122206250704.918 -86697123765.62929 32295673.824067537 
19800100 Mars 198740184671.24524 -52965965953.18824 -6015771515.451034 
19800100 Mercury -41099971224.15247 31760311894.183884 6217111894.096398 
19800100 Saturn 729111736698.548 -1305986971417.3281 -6329967817.740863 
19800100 Venus 105472177793.40895 22242181178.763885 -5832495956.35819 
19800100 Jupiter 323356536522.6609 -696828713395.3187 -4344495898.628843 
20160100 Sun -851697459.3649266 1000768802.5703917 11467101.43373354 
20160100 Earth 128133859600.3014 -78127468843.31978 14402102.175443979 
20160100 Moon 127771818557.22607 -78121106533.31851 46452641.553496905 
20160100 Mars 201151393995.8781 -43753221001.56667 -5881786072.884457 
20160100 Mercury -52636692870.50471 16954758918.690447 6065489523.936338 
20160100 Saturn 731952757603.3645 -1304297307845.9934 -6472685177.329595 
20160100 Venus 102242641740.35829 34375125510.83215 -5479729046.6913395 
20160100 Jupiter 327558655804.75415 -694611985108.7135 -4447707929.35327 
20520100 Sun -856471724.060089 997903961.2719405 11606663.802056294 
20520100 Earth 133236157440.57883 -68836294398.1425 14299296.967458285 
20520100 Moon 133046279645.0101 -69156037468.72021 29413613.212444957 
20520100 Mars 203170873786.45642 -34453721722.58705 -5736371492.725054 
20520100 Mercury -58736757176.49521 409417435.6122329 5272987713.777056 
20520100 Saturn 734790003971.3646 -1302600925564.798 -6615369203.425544 
20520100 Venus 97626417203.73463 46059061751.5035 -5053101939.909489 
20520100 Jupiter 331748370869.7639 -692368980088.0751 -4550751491.207469 
20880100 Sun -861228335.4063096 995012586.3203838 11745957.842735054 
20880100 Earth 137669105087.66068 -59201301004.73216 14359085.786491573 
20880100 Moon 137833675565.87955 -59551983480.83207 -2054508.1839266068 
20880100 Mars 204795722123.23346 -25085683558.505783 -5579838275.084721 
20880100 Mercury -59789401612.4302 -16128934155.85544 4018050646.6232653 
20880100 Saturn 737623460615.1969 -1300897832079.71 -6758019156.039172 
20880100 Venus 91682603898.14842 57135448677.8956 -4558200789.961064 
20880100 Jupiter 335925512188.6389 -690099760226.4172 -4653622534.556314 
21240100 Sun -865967127.5033135 992095055.4679753 11884968.343536725 
21240100 Earth 141412475577.3147 -49269603358.730484 14244577.076057801 
21240100 Moon 141802233279.43 -49356417389.60596 -20386061.46448381 
21240100 Mars 206024023244.99445 -15667386842.101011 -5412522473.171131 
21240100 Mercury -56489028075.42284 -31433801820.680145 2464600685.114577 
21240100 Saturn 740453112360.1484 -1299188034930.2114 -6900634295.0734 
21240100 Venus 84488401000.98589 67453189766.17379 -4001554035.757693 
21240100 Jupiter 340089910431.37384 -687804388560.9943 -4756317009.483221 
21600100 Sun -870687973.6771927 989151795.4083818 12023686.382852452 
21600100 Earth 144447469729.77344 -39087292016.43472 13797745.224869411 
21600100 Moon 144769263693.4883 -38842242382.08397 -12545593.107855482 
21600100 Mars 206854843351.21597 -6217112014.1686125 -5234784234.38855 
21600100 Mercury -49610030860.38643 -44675708282.40678 751455725.8044844 
21600100 Saturn 743278944044.1927 -1297471541689.298 -7043213880.326178 
21600100 Venus 76138241169.58888 76870722970.23076 -3390553749.9239964 
21600100 Jupiter 344241396475.2323 -685482929274.4248 -4858830865.9692335 
21960100 Sun -875390799.522173 986183255.3192393 12162108.804236066 
21960100 Earth 146755965777.88245 -28701663515.62797 13104825.840642842 
21960100 Moon 146773236598.35007 -28309641202.808334 14658551.975168414 
21960100 Mars 207288221199.53812 3246923985.0011983 -5047006238.699175 
21960100 Mercury -39914347013.04452 -55296256898.723404 -1005860496.7754992 
21960100 Saturn 746100940518.016 -1295748359963.4995 -7185757171.492947 
21960100 Venus 66742677584.23665 85258022238.4524 -2733363946.876756 
21960100 Jupiter 348379801412.9982 -683135447695.7576 -4961160054.072985 
22320100 Sun -880075583.9791069 983189886.1069076 12300237.066109326 
22320100 Earth 148321223161.5916 -18162751560.38256 12430262.405617895 
22320100 Moon 148026737311.32266 -17943731613.165638 39939952.76202943 
22320100 Mars 207325153707.28076 12706629657.436846 -4849592049.759991 
22320100 Mercury -28127275587.613224 -62914994597.031265 -2709725849.201853 
22320100 Saturn 748919086645.0792 -1294018497392.952 -7328263428.169118 
22320100 Venus 56427029853.3039 92498479756.81795 -2038816612.592607 
22320100 Jupiter 352504956561.2809 -680762010301.4672 -5063300524.111392 
22680100 Sun -884742354.6439263 980172125.4385891 12438076.035579279 
22680100 Earth 149129355161.3465 -7524747711.942732 12077648.21130036 
22680100 Moon 148805953896.9951 -7680226872.911586 38832779.59822412 
22680100 Mars 206967576818.53885 22144098764.50984 -4642964394.814666 
22680100 Mercury -14944409720.155987 -67269116549.11746 -4274856873.057122 
22680100 Saturn 751733367301.6438 -1292281961651.362 -7470731909.852466 
22680100 Venus 45329798926.85046 98490637419.99832 -1316296473.8180544 
22680100 Jupiter 356616693468.85706 -678362684716.4417 -5165248226.841112 
23040100 Sun -889391180.2223456 977130387.4666523 12575632.897914877 
23040100 Earth 149173192788.00146 3154432195.9916725 12054953.26292507 
23040100 Moon 149144766248.5773 2779119635.3733892 10898111.921565238 
23040100 Mars 206218341944.70767 31541667601.530003 -4427563389.473649 
23040100 Mercury -1052320047.2983519 -68178940560.24581 -5623590204.56983 
23040100 Saturn 754543767376.8068 -1290538760446.0593 -7613161875.945628 
23040100 Venus 33600865822.95925 103149736239.147 -575615790.4356991 
23040100 Jupiter 360714843925.0488 -675937539714.8676 -5266999113.640346 
23400100 Sun -894022161.3418847 974065056.4363956 12712916.220622512 
23400100 Earth 148453362133.5083 13818365776.18838 12031277.577114593 
23400100 Moon 148754037141.92664 13563144290.042679 -16762651.898748962 
23400100 Mars 205081188325.18814 40881969357.36065 -4203844723.3557262 
23400100 Mercury 12844052324.655575 -65533822580.952225 -6682218871.162135 
23400100 Saturn 757350271772.5472 -1288788901518.0034 -7755552585.758436 
23400100 Venus 21399493849.239082 106409053409.39476 173119277.72093937 
23400100 Jupiter 364799239968.1449 -673486645221.0806 -5368549136.6920395 
23760100 Sun -898635420.2087389 970976484.0126599 12849935.196916386 
23760100 Earth 146974048145.29367 24414166864.815643 11736769.59882656 
23760100 Moon 147371362820.0477 24486765511.03906 -22010071.012830626 
23760100 Mars 203560711685.86172 50147985235.56899 -3972277822.1360226 
23760100 Mercury 25989887842.28098 -59297101829.28667 -7378506125.584965 
23760100 Saturn 760152865403.7632 -1287032392641.827 -7897903298.510282 
23760100 Venus 8892158939.414581 108220998668.94038 919648919.5823381 
23760100 Jupiter 368869713893.8444 -671010072310.3411 -5469894249.167537 
24120100 Sun -903231089.49001 967864990.9357871 12986699.146353783 
24120100 Earth 144740792071.06247 34890444299.9929 11143942.438635629 
24120100 Moon 144944168245.06503 35239124222.09316 -2401034.7891196283 
24120100 Mars 201662329596.1224 59323092065.773346 -3733344000.9577312 
24120100 Mercury 37546731422.57426 -49533355389.57735 -7640815995.760042 
24120100 Saturn 762951533198.3053 -1285269241625.8457 -8040213273.332557 
24120100 Venus -3749762465.503201 108557944436.98013 1653704488.7103705 
24120100 Jupiter 372926098263.74634 -668507893209.5856 -5571030405.411558 
24480100 Sun -907809301.3417237 964730874.5339614 13123217.475652687 
24480100 Earth 141760606669.43436 45195453244.83548 10439893.136821868 
24480100 Moon 141622912670.44604 45556716554.44722 27068833.35514159 
24480100 Mars 199392243940.6896 68391106187.8979 -3487534623.4847846 
24480100 Mercury 46561560900.3115 -36466810662.95013 -7400049103.308251 
24480100 Saturn 765746260097.01 -1283499456312.0818 -8182481769.271043 
24480100 Venus -16352414086.137003 107412768027.79314 2365155631.9476194 
24480100 Jupiter 376968225913.8609 -665980181298.065 -5671953561.128127 
24840100 Sun -912370179.2242421 961574424.5524755 13259500.53745083 
24840100 Earth 138042878639.0457 55275860788.34619 9927773.695082083 
24840100 Moon 137688634078.6986 55347164790.845276 41969332.55866363 
24840100 Mars 196757400931.01498 77336323447.32391 -3235349280.1692076 
24840100 Mercury 51954064298.62852 -20585464938.57673 -6596983784.976218 
24840100 Saturn 768537031053.7438 -1281723044576.2795 -8324708045.288277 
24840100 Venus -28741951189.59937 104799088962.0305 3044157314.5926886 
24840100 Jupiter 380995929963.1566 -663427011107.9312 -5772659673.568338 
25200100 Sun -916913839.1675199 958395949.6973201 13395562.188528085 
25200100 Earth 133601490233.08119 65075761967.883026 9817022.986779928 
25200100 Moon 133379666915.4668 64793109234.74123 25481018.808971733 
25200100 Mars 193765449084.34668 86143555193.96318 -2977293998.630518 
25200100 Mercury 52561656128.264755 -2805161072.297505 -5199813048.593034 
25200100 Saturn 771323831035.4242 -1279940014327.938 -8466891360.265985 
25200100 Venus -40747061682.267166 100751189940.26012 3681294218.7918005 
25200100 Jupiter 385009043822.138 -660848458324.765 -5873144701.719487 
25560100 Sun -921440414.299752 955195812.4676375 13531425.111602109 
25560100 Earth 128458445271.88731 74539062368.50415 9921872.103850171 
25560100 Moon 128594310479.2649 74182832711.19653 -7102796.903617858 
25560100 Mars 190424695596.74603 94798160230.68158 -2713879498.3383603 
25560100 Mercury 47324791114.58284 15321097921.097534 -3238247951.103224 
25560100 Saturn 774106645022.0703 -1278150373510.3154 -8609030973.007635 
25560100 Venus -52201473672.390816 95323616263.01523 4267719948.526671 
25560100 Jupiter 389007401201.4555 -658244599788.004 -5973404606.495821 
25920100 Sun -925950121.6589792 951974451.9447875 13667128.980560692 
25920100 Earth 122642162115.55913 83614821664.56313 9874120.41660636 
25920100 Moon 123024956289.23517 83500390344.5989 -25669330.98847323 
25920100 Mars 186744061528.7747 103286072704.32063 -2445619500.9731913 
25920100 Mercury 35726488941.293236 31471058962.896725 -854629677.202836 
25920100 Saturn 776885458006.8098 -1276354130100.4648 -8751126142.240843 
25920100 Venus -62946405134.07598 88590455183.91104 4795288501.382337 
25920100 Jupiter 392990836120.55206 -655615513491.343 -6073435350.930706 
26280100 Sun -930443369.1422356 948732341.2908081 13802736.918761937 
26280100 Earth 116182905744.36258 92256906952.34232 9516952.80269978 
26280100 Moon 116522678039.77946 92478159033.4702 -17292540.437359415 
26280100 Mars 182733036207.7858 111593825975.3412 -2173029106.701384 
26280100 Mercury 18472517684.10248 42818917561.58133 1655387956.8087656 
26280100 Saturn 779660254995.9436 -1274551292109.22 -8893176126.620108 
26280100 Venus -72832911384.13792 80644303637.51868 5256675567.418196 
26280100 Jupiter 396959182916.35016 -652961278582.992 -6173232900.3696785 
26640100 Sun -934920822.9013956 945469828.9490247 13938328.770468768 
26640100 Earth 109111884195.30385 100421567538.19751 8943071.02439033 
26640100 Moon 109162025198.91644 100818147757.30035 10668589.723125467 
26640100 Mars 178401631229.87427 119708572542.45448 -1896623244.737978 
26640100 Mercury -2068308440.5217226 47005783763.057686 3881751617.603026 
26640100 Saturn 782431021008.956 -1272741867581.2417 -9035180184.729176 
26640100 Venus -81724087429.53305 71594939734.89906 5645487388.593289 
26640100 Jupiter 400912276251.9739 -650281975365.9531 -6272793222.663762 
27000100 Sun -939383304.848829 942186939.698487 14073975.452108743 
27000100 Earth 101461735626.75845 108065991490.23965 8416087.162507284 
27000100 Moon 101190751587.7117 108333133969.07048 36957161.06621038 
27000100 Mars 173760334423.60565 127618100136.61873 -1616915204.4989736 
27000100 Mercury -22449205797.07692 43356048718.62207 5453074616.275384 
27000100 Saturn 785197741078.5481 -1270925864595.0073 -9177137575.083252 
27000100 Venus -89497084851.46286 61567720098.74856 5956355154.116372 
27000100 Jupiter 404849951125.5131 -647577685298.1771 -6372112288.363209 
27360100 Sun -943831549.1650633 938883334.7046037 14209713.30799493 
27360100 Earth 93267727286.9605 115147232020.74506 8226780.145925006 
27360100 Moon 92919569869.3197 115057140477.76216 38096727.188555144 
27360100 Mars 168820064114.96362 135310844127.87512 -1334415252.4280214 
27360100 Mercury -39582404763.928 33140026888.97879 6189915497.687614 
27360100 Saturn 787960400250.6785 -1269103291262.8577 -9319047556.131807 
27360100 Venus -96044906698.82536 50701731254.60319 6185013209.581045 
27360100 Jupiter 408772042878.79645 -644848490992.6855 -6471186070.911625 
27720100 Sun -948266034.8874089 935558467.5870631 14345541.41090862 
27720100 Earth 84570420266.3396 121622205245.70793 8428845.189958142 
27720100 Moon 84490686188.74898 121268076274.33519 9865135.616108265 
27720100 Mars 163592124000.88034 142775896410.38773 -1049629338.5749351 
27720100 Mercury -51721238483.97102 18659469567.993595 6120138698.905352 
27720100 Saturn 790718983584.5869 -1267274155730.98 -9460909386.260786 
27720100 Venus -101277948741.71918 39147728675.5155 6328359709.571699 
27720100 Jupiter 412678387206.20105 -642094476217.607 -6570010546.841601 
28080100 Sun -952686989.6318036 932211761.3119408 14481436.214090332 
28080100 Earth 75417768364.95374 127451762602.31427 8688077.590079067 
28080100 Moon 75690308123.4646 127178278931.34258 -20448293.050211485 
28080100 Mars 158088158902.89175 150003010952.24954 -763057895.5304042 
28080100 Mercury -58415324621.25573 2210464964.420552 5390056249.722739 
28080100 Saturn 793473476152.8315 -1265438466179.423 -9602722323.795124 
28080100 Venus -105125261155.51155 27065901509.70759 6384498736.218621 
28080100 Jupiter 416568820163.4743 -639315725896.1218 -6668581695.972319 
28440100 Sun -957094471.691353 928842693.2538172 14617365.844784534 
28440100 Earth 65861037622.453415 132604465609.42458 8686516.310723098 
28440100 Moon 66261340039.88254 132647991718.83481 -26888172.39311517 
28440100 Mars 152320111639.41986 156982606215.66632 -475194730.9262461 
28440100 Mercury -59997728179.60181 -14398405235.46931 4178010503.0871 
28440100 Saturn 796223863041.299 -1263596230822.1377 -9744485627.001358 
28440100 Venus -107535510972.933 14623504268.175156 6352763329.794409 
28440100 Jupiter 420443178176.5912 -636512326106.331 -6766895501.6085415 
28800100 Sun -961488441.0195228 925450807.4901757 14753297.393028418 
28800100 Earth 55951160319.22148 137054329820.40126 8392253.489255587 
28800100 Moon 56178826292.5892 137387479550.09358 -6760772.398474969 
28800100 Mars 146300181223.98828 163705764667.22025 -186526013.6614999 
28800100 Mercury -57143234124.30867 -29888040041.9713 2650423719.2964716 
28800100 Saturn 798970129349.2614 -1261747457906.9592 -9886198554.09019 
28800100 Venus -108477632400.796 1992398656.5491014 6233719292.132712 
28800100 Jupiter 424301298050.6384 -633684364081.0397 -6864947950.7410965 
29160100 Sun -965868798.2021856 922035700.8175745 14889199.083574677 
29160100 Earth 45738745514.68872 140778601852.76187 7996495.736602791 
29160100 Moon 45626459206.5811 141154852727.73206 24482105.102943435 
29160100 Mars 140040782565.7463 170164229607.23904 102470646.83296156 
29160100 Mercury -50623688524.37431 -43391504759.32335 948941284.420469 
29160100 Saturn 801712260189.3826 -1259892155715.6055 -10027860363.21943 
29160100 Venus -107941159167.64742 -10653450468.8707 6029150013.992433 
29160100 Jupiter 428143016978.734 -630831928207.4799 -6962735034.248584 
29520100 Sun -970235400.7150549 918597006.982276 15025040.191417914 
29520100 Earth 35274727766.833954 143756457568.02417 7803614.55874073 
29520100 Moon 34919604292.09273 143877192690.81808 42177316.59535639 
29520100 Mars 133554507818.47574 176350399552.5946 391327029.734316 
29520100 Mercury -41204446757.87882 -54325517101.8245 -808565781.1944976 
29520100 Saturn 804450240687.75 -1258030332563.709 -10169470312.496063 
29520100 Venus -105936239832.03741 -23140481378.345016 5742022967.250505 
29520100 Jupiter 431968172550.9786 -627955108026.9336 -7060252747.099801 
29880100 Sun -974588067.5829079 915134386.1091638 15160790.297762653 
29880100 Earth 24612104996.27929 145968170256.37192 8026788.931933862 
29880100 Moon 24338324988.381523 145731407210.30826 29054936.71304147 
29880100 Mars 126854089495.36256 182257320408.9752 679585042.4964025 
29880100 Mercury -29614906884.036297 -62293358708.73912 -2522770200.5257797 
29880100 Saturn 807184055983.9176 -1256161996800.8076 -10311027659.979298 
29880100 Venus -102493343277.24205 -35298001953.44657 5376438860.011706 
29880100 Jupiter 435776602763.44354 -625053994234.2991 -7157497088.557124 
30240100 Sun -978926579.0606498 911647519.5777228 15296418.520520277 
30240100 Earth 13808581770.018633 147396585142.7593 8538178.982298853 
30240100 Moon 13885505635.287695 147035454178.54755 -4458887.201820495 
30240100 Mars 119952365439.52042 187878675667.22433 966797373.769094 
30240100 Mercury -16553107578.338127 -67021262272.77208 -4107268480.4368086 
30240100 Saturn 809913691230.9222 -1254287156810.3552 -10452531663.683064 
30240100 Venus -97662667422.89287 -46960577004.18354 4937564751.4583025 
30240100 Jupiter 439568146027.16864 -622128678677.5695 -7254464062.380935 
30600100 Sun -983250674.4617271 908136109.1098075 15431892.911550067 
30600100 Earth 2926201816.592316 148031702058.41296 8945752.946626084 
30600100 Moon 3288577111.1697693 147884676156.81396 -26484096.029218316 
30600100 Mars 112862245714.72119 193208774854.0648 1252528062.8032384 
30600100 Mercury -2705357333.1214237 -68321343752.103935 -5483751271.252764 
30600100 Saturn 812639131595.3168 -1252405821009.7224 -10593981581.57861 
30600100 Venus -91513269279.12355 -57970300488.61465 4431552666.570792 
30600100 Jupiter 443342641177.2183 -619179254357.2423 -7351149677.0346575 
30960100 Sun -987560049.3902538 904599879.0537657 15567180.058805473 
30960100 Earth -7973712072.962678 147871838310.19907 9041531.628726253 
30960100 Moon -7618225761.67756 148063552633.1299 -20115820.632550765 
30960100 Mars 105596681457.3419 198242540461.0098 1536352989.0049353 
30960100 Mercury 11226943931.258606 -66075392751.39134 -6578218411.804337 
30960100 Saturn 815360362257.1995 -1250517997850.202 -10735376671.597185 
30960100 Venus -84131938702.87666 -68178920773.66374 3865445438.121473 
30960100 Jupiter 447099927481.7481 -616205815425.6528 -7447549945.890635 
31320100 Sun -991854352.8005519 901038581.4886515 15702244.906939004 
31320100 Earth -18832676694.294186 146920419091.72748 8907892.135699714 
31320100 Moon -18751259774.098858 147310165270.59305 7936637.567019169 
31320100 Mars 98168635709.13617 202975493566.72076 1817860285.6460602 
31320100 Mercury 24496176260.192917 -60237631640.65299 -7318348946.880136 
31320100 Saturn 818077368410.2501 -1248623695817.0017 -10876716191.63252 
31320100 Venus -75621841530.14001 -77449791572.27597 3247071632.751129 
31320100 Jupiter 450839844651.10394 -613208457186.2312 -7543660887.436799 
